Date reached,Block,Reward Era,BTC/block,Year (estimate),Start BTC,BTC Added,End BTC,BTC Increase,End BTC % of Limit
2009-01-03,0,1,50.00,12/31/2009,0,2625000,2625000,infinite,12.500%
2010-04-22,52500,1,50.00,12/31/2010,2625000,2625000,5250000,100.00%,25.000%
2011-01-28,105000,1,50.00,12/31/2011,5250000,2625000,7875000,50.00%,37.500%
2011-12-14,157500,1,50.00,12/31/2012,7875000,2625000,10500000,33.33%,50.000%
2012-11-28,210000,2,25.00,12/31/2013,10500000,1312500,11812500,12.50%,56.250%
2013-10-09,262500,2,25.00,12/31/2014,11812500,1312500,13125000,11.11%,62.500%
2014-08-11,315000,2,25.00,12/31/2015,13125000,1312500,14437500,10.00%,68.750%
2015-07-29,367500,2,25.00,12/31/2016,14437500,1312500,15750000,9.09%,75.000%
2016-07-09,420000,3,12.50,12/31/2017,15750000,656250,16406250,4.17%,78.125%
2017-06-23,472500,3,12.50,12/31/2018,16406250,656250,17062500,4.00%,81.250%
2018-05-29,525000,3,12.50,12/31/2019,17062500,656250,17718750,3.85%,84.375%
2019-05-24,577500,3,12.50,12/31/2020,17718750,656250,18375000,3.70%,87.500%
2020-05-11,630000,4,6.25,12/31/2021,18375000,328125,18703125,1.79%,89.063%
2021-05-08,682500,4,6.25,12/31/2022,18703125,328125,19031250,1.75%,90.625%
2022-05-05,735000,4,6.25,12/31/2023,19031250,328125,19359375,1.72%,92.188%
,787500,4,6.25,12/31/2024,19359375,328125,19687500,1.69%,93.750%
,840000,5,3.125,12/31/2025,19687500,164062.5,19851562.5,0.83%,94.531%
,892500,5,3.125,12/31/2026,19851562.5,164062.5,20015625,0.83%,95.313%
,945000,5,3.125,12/31/2027,20015625,164062.5,20179687.5,0.82%,96.094%
